SVIPT Data File
Session: 
ID_Volunteer: 
Task: Original[Home-1-Home-2-Home-3-Home-4-Home-5]
TaskRepetitions: 32
Sampling_Rate: 200.000000
Force_Unity: Volts
BaseLineForce_Val: 0.000000
MaxVoluntForce_Val: 2.109318
ConversionFunction: 0.000000X +0.000000 = Y
MaxForce_Percentage: 45
MinForce_Percentage: 35
TaskMaxForce_Percentage: 40
Limites de movimento do cursor: 85	1216
Cursor
Location: 725	253
Size: 38	63
Home
Location: 64	205
Size: 42	158
Target 1 - Left
Location: 470	205
Size: 42	158
Target 1 - Right
Location: 563	205
Size: 42	158
Target 2 - Left
Location: 1007	205
Size: 42	158
Target 2 - Right
Location: 1100	205
Size: 42	158
Target 3 - Left
Location: 696	205
Size: 42	158
Target 3 - Right
Location: 789	205
Size: 42	158
Target 4 - Left
Location: 244	205
Size: 42	158
Target 4 - Right
Location: 337	205
Size: 42	158
Target 5
Location: 892	247
Size: 49	75
ForceSignal: 
1.050000
2.100000
3.100000
4.150000
5.150000
6.150000
7.150000
8.150000
9.150000
10.200000
11.250000
12.250000
13.300000
14.300000
15.350000
16.400000
17.400000
18.400000
19.450000
20.450000
20.400000
20.400000
20.400000
20.350000
20.400000
20.400000
20.450000
20.450000
20.500000
20.500000
20.450000
20.500000
20.450000
20.450000
20.400000
20.400000
20.400000
20.450000
20.400000
20.450000
20.500000
20.500000
20.500000
20.550000
20.550000
20.600000
20.550000
20.600000
20.550000
20.500000
20.550000
20.550000
20.600000
20.600000
20.650000
20.600000
20.600000
20.550000
20.550000
20.550000
20.500000
20.450000
20.500000
20.450000
20.400000
20.350000
20.350000
20.350000
20.400000
20.400000
20.350000
20.300000
20.300000
20.300000
20.250000
20.250000
20.300000
20.350000
20.350000
20.350000
20.400000
20.400000
20.400000
20.450000
20.500000
20.550000
20.550000
20.500000
20.450000
20.450000
20.500000
20.550000
20.550000
20.550000
20.600000
20.600000
20.550000
20.500000
20.550000
20.550000
20.550000
20.550000
20.500000
20.450000
20.400000
20.350000
20.350000
20.350000
20.350000
20.350000
20.350000
20.300000
20.250000
20.300000
20.250000
20.300000
20.350000
20.350000
20.350000
20.350000
20.300000
20.350000
20.350000
20.350000
20.400000
20.400000
20.450000
20.450000
20.450000
20.500000
20.400000
20.450000
20.500000
20.500000
20.550000
20.500000
20.500000
20.550000
20.550000
20.550000
20.600000
20.600000
20.600000
20.650000
20.650000
20.700000
20.700000
20.700000
20.750000
20.750000
20.850000
20.850000
20.800000
20.750000
20.700000
20.750000
20.750000
20.750000
20.700000
20.700000
20.650000
20.600000
20.650000
20.600000
20.600000
20.550000
20.500000
20.500000
20.500000
20.500000
20.500000
20.450000
20.500000
20.550000
20.600000
20.600000
20.550000
20.550000
20.650000
20.600000
20.650000
20.650000
20.650000
20.700000
20.600000
20.650000
20.700000
20.750000
20.700000
20.700000
20.600000
20.700000
20.700000
20.700000
20.700000
20.700000
20.750000
20.750000
20.700000
20.750000
20.650000
20.700000
20.700000
20.650000
20.750000
20.750000
20.750000
20.700000
20.700000
20.650000
20.700000
20.650000
20.650000
20.650000
20.600000
20.600000
20.600000
20.600000
20.600000
20.550000
20.550000
20.550000
20.550000
20.600000
20.550000
20.550000
20.500000
20.550000
20.600000
20.600000
20.650000
20.650000
20.650000
20.550000
20.600000
20.600000
20.600000
20.600000
20.600000
20.650000
20.700000
20.700000
20.700000
20.650000
20.700000
20.700000
20.750000
20.750000
20.750000
20.800000
20.800000
20.800000
20.800000
20.850000
20.800000
20.800000
20.800000
20.800000
20.750000
20.750000
20.750000
20.750000
20.700000
20.700000
20.700000
20.700000
20.700000
20.650000
20.650000
20.600000
20.600000
20.600000
20.600000
20.600000
20.650000
20.650000
20.600000
20.550000
20.600000
20.600000
20.650000
20.600000
20.650000
20.700000
20.700000
20.700000
20.650000
20.700000
20.700000
20.800000
20.800000
20.800000
20.800000
20.850000
20.850000
20.900000
20.950000
21.000000
21.000000
20.950000
20.950000
21.000000
21.000000
20.950000
20.950000
20.950000
20.950000
20.900000
20.900000
20.800000
20.800000
20.800000
20.800000
20.750000
20.700000
20.650000
20.600000
20.600000
20.600000
20.650000
20.650000
20.700000
20.700000
20.750000
20.750000
20.800000
20.850000
20.900000
20.950000
21.000000
21.000000
21.000000
21.000000
21.050000
21.100000
21.100000
21.150000
21.150000
21.150000
21.150000
21.150000
21.100000
21.100000
21.150000
21.150000
21.100000
21.100000
21.100000
21.050000
21.050000
21.050000
21.050000
21.050000
21.100000
21.100000
21.100000
21.100000
21.100000
21.100000
21.150000
21.100000
21.100000
21.150000
21.100000
21.100000
21.100000
21.100000
21.100000
21.100000
21.150000
21.150000
21.150000
21.200000
21.150000
21.200000
21.200000
21.250000
21.250000
21.300000
21.250000
21.350000
21.300000
21.300000
21.250000
21.250000
21.300000
21.350000
21.350000
21.350000
21.350000
21.350000
21.350000
21.350000
21.400000
21.300000
21.350000
21.350000
21.400000
21.400000
21.450000
21.450000
21.500000
21.500000
21.550000
21.500000
21.500000
21.500000
21.500000
21.550000
21.500000
21.550000
21.650000
21.650000
21.600000
21.650000
21.600000
21.600000
21.550000
21.500000
21.500000
21.450000
21.450000
21.400000
21.450000
21.500000
21.550000
21.550000
21.550000
21.550000
21.600000
21.600000
21.500000
21.500000
21.500000
21.500000
21.550000
21.500000
21.500000
21.550000
21.550000
21.550000
21.600000
21.650000
21.650000
21.700000
21.650000
21.600000
21.550000
21.550000
21.550000
21.500000
21.550000
21.550000
21.600000
21.600000
21.600000
21.600000
21.650000
21.600000
21.550000
21.600000
21.600000
21.600000
21.550000
21.550000
21.550000
21.550000
21.650000
21.600000
21.550000
21.550000
21.550000
21.550000
21.550000
21.650000
21.650000
21.650000
21.650000
21.700000
21.700000
21.650000
21.700000
21.650000
21.700000
21.700000
21.600000
21.650000
21.650000
21.750000
21.800000
21.800000
21.800000
21.800000
21.850000
21.750000
21.700000
21.700000
21.650000
21.550000
21.600000
21.650000
21.550000
21.550000
21.550000
21.500000
21.550000
21.550000
21.500000
21.400000
21.400000
21.400000
21.350000
21.350000
21.300000
21.350000
21.400000
21.450000
21.450000
21.600000
21.600000
21.600000
21.650000
21.650000
21.650000
21.650000
21.700000
21.700000
21.750000
21.800000
21.800000
21.850000
21.900000
21.900000
21.900000
21.900000
21.900000
21.900000
21.950000
21.900000
21.900000
21.850000
21.800000
21.850000
21.850000
21.850000
21.800000
21.750000
21.750000
21.750000
21.750000
21.750000
21.750000
21.750000
21.700000
21.650000
21.650000
21.600000
21.600000
21.600000
21.600000
21.650000
21.650000
21.650000
21.650000
21.650000
21.650000
21.700000
21.650000
21.650000
21.600000
21.550000
21.500000
21.550000
21.600000
21.600000
21.600000
21.700000
21.650000
21.650000
21.650000
21.600000
21.650000
21.650000
21.600000
21.650000
21.700000
21.650000
21.650000
21.600000
21.650000
21.700000
21.700000
21.650000
21.600000
21.650000
21.600000
21.500000
21.550000
21.600000
21.600000
21.650000
21.600000
21.550000
21.600000
21.600000
21.600000
21.600000
21.600000
21.600000
21.550000
21.500000
21.550000
21.550000
21.550000
21.500000
21.550000
21.600000
21.550000
21.500000
21.500000
21.500000
21.500000
21.550000
21.500000
21.450000
21.450000
21.500000
21.550000
21.550000
21.600000
NumSamples tab Epoch40
10	10
10	10
10	10
10	10
10	10
10	10
10	10
10	10
10	10
10	10
10	10
10	10
10	10
10	10
10	10
10	10
10	10
10	10
10	10
10	10
10	10
10	10
10	10
10	10
10	10
10	10
10	10
10	10
10	10
10	10
10	10
10	10
10	10
10	10
10	10
10	10
10	10
10	10
10	10
10	10
10	10
10	10
10	10
10	10
10	10
10	10
10	10
10	10
10	10
10	10
10	10
10	10
10	10
10	10
10	10
10	10
10	10
10	10
10	10
10	10
10	10
10	10
10	10