ID_Volunteer: Augusto
Task: Original[Home-1-Home-2-Home-3-Home-4-Home-5]
TaskRepetitions: 32
Numero de acertos por bloco:
114
134
131
134
151
151
143
135
127
130
128
128
Numero de undershoots por bloco:
19
14
9
8
7
2
4
5
7
6
8
6
Numero de overshoots por bloco:
27
12
20
18
2
7
13
20
26
24
24
26
Numero de sequencias completas por bloco:
8
14
11
14
25
24
20
13
9
9
12
9
Skill parameter value:
0.016941904353762
0.0252262223836657
0.0374551863244576
0.0472116362042582
0.100267817950489
0.13382251686417
0.087232625436463
0.0694631644713626
0.0733136224893613
0.0822967958410692
0.0646595452323948
0.0934369308091883
Error rate value:
0.2875
0.1625
0.18125
0.1625
0.05625
0.05625
0.10625
0.15625
0.20625
0.1875
0.2
0.2
Tempo gasto por bloco:
392.65
460.45
359.7
344.2
418.15
366
326.2
298
255
255.3
271.8
236.2
Tempo gasto por cada trial:
1.9
3
2.4
1.65
4.55
3.25
3.55
2.6
1.75
4.8
3.05
3.75
3.95
3.4
4.2
1.85
3
3.85
1.1
3
2.1
2.95
6.55
3.05
3.4
2.55
3
3.4
1.4
1.9
1.8
2.3
2.15
1.35
1.7
2.5
1.9
2.2
1.5
0.25
2.2
3.2
2.8
1.95
2.7
1.6
2.25
2.7
1.65
1.5
1.85
2.5
2.55
1.2
2.05
2.45
2.5
2.2
0.9
2.05
2.2
2.2
1.85
1.2
2.85
1
1.85
2.9
1.25
4.4
4.8
4.15
3.15
1.7
3.25
4.35
4.75
2.9
0.9
2.9
3
3.5
1.75
2.1
3.5
1.9
2.85
3.1
0.75
2
1.85
3.9
2.55
1.3
2.9
3.4
3.9
2.7
1.65
2.95
1.25
2.55
2.75
1.15
2.55
3.5
2.75
2
1.45
3.7
2.6
3.3
2.25
1.7
2.65
1.55
2.2
1.65
1.35
2.95
1.5
1.15
9.05
1.9
3.05
1.6
2.85
2.4
1.4
2.7
0.95
4.2
1.8
2.15
3.45
1.95
3.5
1.75
2.1
1.5
4.35
2.95
3
0.95
3
1.75
3
3.7
0.6
2.55
1.6
3.6
2.9
1.45
3
2.9
1.05
2.55
1.35
2.75
4.6
4.8
2.45
2.75
3.5
1.85
3.5
2.15
1.45
2.55
4.1
3.5
2.85
1.6
4.6
3.45
3.25
2.3
2
2.8
1.55
2.95
2.65
1.95
1.95
5.45
3.9
2.8
3.55
3.7
5.35
3.6
3.7
2.05
3.2
4.7
3.45
4.25
2.8
2.65
2.45
3.25
4.25
2.9
3.65
9.75
4.05
4
1.15
1.95
2.15
3.15
3.55
1.25
1.6
2.2
2.95
3.2
1
3.6
1.9
5.9
3.65
2.85
3
3.9
3.65
2.2
1.05
3
4.1
3
2.5
2.95
2.55
1.75
3.15
3.45
2.2
2.75
7.75
3.9
2.7
2.15
2.5
2.55
4.1
3.2
2.3
5.05
5.4
4.35
4.05
2.25
0.8
3.4
6.3
4.3
2.15
3.35
3.35
8
2.7
2.6
3.25
2.35
3.65
3.1
1.85
3.3
4.9
3.15
2.35
1.95
0.2
0.65
5.05
1.7
1.45
3
2.4
2.4
2.1
0.9
1.85
1.55
3.1
2.3
1.55
2.6
1.45
2.45
1.7
0.7
2.4
1
2.65
2.6
1.05
1.75
2.35
4.5
0.65
1.6
3.4
2.5
2.75
1.85
1.4
2.2
1.4
3.15
2.4
0.55
1.75
2.15
2.65
1.8
1.1
1.85
3.3
3.25
0.45
1.35
3.8
1.05
2.45
1.7
1.45
3.3
1.95
4.15
2.2
1.15
2.7
2.05
3.15
1.5
1.85
2.6
1.85
3.45
2.5
1.9
2.55
1.45
2.85
1.25
2.05
2.8
2.2
2.1
2.45
1.1
2.2
2.95
2.65
2.55
1.95
2.05
2.55
2.8
2.9
1.5
2.45
2.1
2.8
1.4
2.6
2.05
4.15
2.6
2.75
1.4
1.85
1.95
3.75
2.75
1.1
2
1.85
3.6
3
1.35
2.4
2.8
2.45
1.8
0.65
1.45
2.35
2.25
1.6
1.25
1.75
1.65
2.95
2.2
1.25
1.5
1.7
2.95
2.35
1.3
2.2
2.95
2.7
2.45
3.65
2.6
4.25
2.45
1.7
2.3
1.6
2
2.6
1.8
1.15
2.2
4.05
2.85
1.9
1.9
1.75
2.6
3.35
2.75
1.3
2.25
2.95
2.7
2.8
1.3
1.85
4.75
2.45
1.75
0.95
1.9
1.25
3
1.5
1.75
5.75
2.2
3.35
2.75
1.1
4.35
3.8
3.2
2.95
0.8
1.8
1.65
3.2
1.25
0.8
1.55
1.3
1.85
2.55
2.45
2.15
1.85
2.25
1.85
1
2.3
1.2
3.45
3
0.8
1.35
0.4
3.35
2.6
1.5
2.95
1.8
4.15
2.8
4.5
2.55
2.15
2.75
2.45
1.75
1.75
1.95
2.55
1.85
1.5
2.8
1.75
2.4
1.75
1.2
2.25
1.35
3.4
2.05
1.55
2.9
2.65
4
2.05
1.1
2.45
1.95
3.95
2
1.05
3
2.3
3.8
2.5
1
2.05
2
4.2
4
1.45
2.4
3.5
3.25
2.25
1.15
1.7
2.05
2.3
2.5
1.25
2
3
2.4
1.95
0.95
1.7
2.3
2.4
1.45
1.05
1.75
3.6
2.55
2.35
1
2.2
2.55
4.15
2.55
1.9
2.1
1.15
1.95
3.35
1.15
2.9
2.3
4.75
2.15
0.95
1.75
1.8
2.25
1.65
0.7
0.4
1.75
2.1
2.9
1.1
1.65
1.75
3.15
2.45
1.9
3.55
1.85
2.7
2.45
2
1.45
1.55
2.6
3
1.2
2.55
4.2
3.8
3
1.75
2.25
1.6
1.8
1.55
1.05
1.85
1.2
1.7
2.05
0.8
1.7
1.05
1.8
2.15
1.2
1.65
1.45
2.35
1.45
1
1.75
1.7
2.35
1.3
1.4
2.05
3.2
3.85
1.75
1.85
1.75
3.5
2.8
2
1.15
1.95
1.2
2.7
1.75
1.15
1.35
3.05
3.05
2.45
1.1
1.85
6
4.1
2.65
1.4
3.75
1.85
2.8
2
1.75
4.25
1.9
2.85
2.05
0.95
2.6
2.8
2.95
3
1.5
3.05
1.75
4
3.1
1.7
1.9
2.6
2.65
2.25
1.25
1.95
2.9
2.85
2.4
1.65
3.5
2.35
2.85
2.6
1.3
2.3
3.95
3
2.45
2.45
2.8
1.6
3.2
3.15
1.55
2.25
2.9
2.6
2.25
1.4
1.6
2.05
2.15
1.6
2
2.05
4.25
3.4
2.35
3.2
2.3
3.1
3
2.75
1.4
1.75
3.2
3.7
3.5
2.05
1.8
7.8
3.4
2.1
2.55
2.05
8.9
3.45
3.45
2.55
2.1
2.7
2.6
3.8
2.7
2.3
2.2
2.55
1.9
1.65
1.95
3.5
2.55
3.25
1.8
1.95
4
3.65
2.75
3.55
3.3
4.3
2.15
3
2.15
2.2
1.8
2.1
2.65
2.1
2.15
2.25
2.05
3.05
1.85
2.15
3.7
2.5
2.5
2.15
2.45
3.8
4.95
2.6
2.65
2.05
3.6
3.05
3.4
2.75
2.1
1.6
1.95
3.1
2.3
2.8
2.1
2.45
2.6
1.8
2.3
2.4
2.9
2.25
1.9
2
1.9
1.85
2.4
1.7
0.35
2.2
2.9
2.7
1.9
2.2
5.1
4.8
2.95
1.3
2.3
1.2
2.4
1.9
1.3
3.9
3.6
2.9
3
2.05
2.3
4.45
2.75
2.9
2.05
2.2
3
2.15
2.1
2.05
2.7
2.05
2.25
2
1.15
4
3.65
2.8
3.7
1.75
2.6
2.3
2.9
2.25
2.4
2.05
2.05
2.5
2.05
1.15
1.75
3.15
2.4
2.15
1.5
3
2.3
2.3
2.45
1
1.3
5.25
3
2.15
1.8
2.1
2.1
2.15
2.5
1.5
1.8
1.7
2.4
2.05
1.3
2.05
2.85
2.4
1.9
1.3
2.5
3.5
2
1.2
2.4
2.9
1.85
2.4
2.55
1.8
2.5
2.5
2.75
2.35
1.9
2.2
2
2.1
2.3
2.15
2
2.2
2.25
1.35
2.15
3.8
3.9
2.1
2.2
1.65
1.85
2.75
2.6
2.55
1.45
2.1
2.95
2.6
2.1
2.6
2.05
2.45
2.15
2.05
2
1.5
2.45
2.9
2.5
2
1.8
2.05
2
2.1
1.4
1.65
2.35
2.1
1.95
1.5
1.75
1.8
3.2
2.5
1.15
2.6
1.6
2.5
2.55
1.2
2.25
1.95
2.05
1.85
1.4
1.65
1.55
2.05
1.95
1.6
2.45
1.35
2.25
1.9
1.1
1.55
3.2
2.2
2.35
1.8
2.55
2.7
2.05
2.95
0.95
2.45
1.9
2.7
2.15
2.15
2.4
1.8
2.3
1.85
0.65
2.05
1.95
2
1.6
1
1.5
2
2.65
1.45
0.95
1.6
2.65
2
1.5
1.6
1.55
6.1
3.6
2.25
3.05
1.5
2.85
2.75
1.85
2
1.55
2.05
2.35
2.95
1.4
2.6
2.1
2.05
1.9
1.45
2.1
1.4
2
2
1.45
1.8
1.8
2.25
1.8
1.25
2.65
2
1.95
1.95
1.25
1.5
2.05
1.95
1.4
1.15
1.5
1.8
2.5
1.7
1.15
1.15
1.7
2.4
1.4
1.8
3.15
4.35
1.8
2.6
3.05
1.4
2.1
2.65
2.5
2.45
1.7
1.7
2.25
2
2
1.3
5.9
1.7
2.25
1.8
1.15
1.95
1.85
2.25
1.15
1.4
2
2.2
2.4
1.15
1.1
1.6
1.7
3.05
1.85
2
5.4
2.1
1.55
1.1
1.4
1.75
1.6
1.55
1.75
2.15
2.95
2.1
2.2
1.6
2.05
4.65
2.05
2.05
1.85
1.35
1.9
3.55
2.3
1.7
1.75
2.85
1.9
1.35
1.25
1.65
2.05
2.15
1.6
1.3
1.8
1.25
1.85
1.65
1.5
1.6
3.5
2.85
1.6
1.3
2.8
2.35
2.1
1.35
1.5
2.9
1.2
2.1
2.2
2.2
6.35
1.15
2.15
1.35
1.6
3
5.1
2.3
1.55
1
1.6
1.15
2.3
1.5
1
1.55
2.05
2.05
2.05
1.2
1.75
2.25
1.85
1.8
0.75
1.9
1.8
1.95
2.3
1.45
1.8
1.4
2.2
1.85
1.25
2
5
1.6
1.55
1
2.6
1.6
1.7
2.15
1.35
1.8
1.65
1.85
1.95
1.1
2.4
1.85
2.05
1.6
1.3
2.6
4
3.95
2.05
1.45
1.55
2.8
1.85
1.9
2.9
1.7
1.75
1.6
2.15
1.1
1.15
1.2
1.7
1.85
2.15
1.95
3.55
2.25
2.45
2.15
1.5
3.2
1.75
2.05
1.9
2.6
4.25
1.7
1.95
0.85
1.3
1.95
1.65
1.5
1.1
1.2
0.9
1.25
1.4
1
1.8
1.2
1.45
0.95
1.5
1.8
2.75
1.4
2.2
1.1
1.55
1.45
1.55
1.75
1.15
1.85
2.95
1.25
1.95
0.7
1.65
1.1
1.35
1.45
0.95
2.15
4.1
1.35
1.5
0.75
1.55
2.05
1.5
1.55
1.25
0.55
1.45
1.45
1.65
1.1
2.3
1.85
1.55
2.4
1.5
2.6
3.1
2.85
2
1.05
2.1
1.2
1.8
1.3
1.1
1.65
2.1
1.7
1.55
2.75
2.5
2.7
1.8
1.5
0.85
1.35
2.25
1.75
2
0.95
2.45
1
2.1
1.6
1.05
2
2
2.3
1.5
0.85
3.3
0.95
2.05
1.35
1.15
1.45
1.45
3.05
1.15
0.85
2
1.25
2.3
2.05
0.8
1.65
1.3
2.4
0.95
1.05
1.3
1.6
2
1.05
1.5
1.35
3.05
1.85
1.8
0.95
0.3
1.5
3.2
1.75
1.8
1.3
1.35
2.1
1.7
0.7
1.4
1.05
1.7
1.6
0.7
1.35
1.2
1.85
1.55
0.75
1.35
3
2.1
1.35
0.75
1.2
1.8
1.65
1.1
1.15
1.5
1.05
1.7
1.1
1
1.35
1.2
2.35
1.5
0.8
2.1
1.75
2
1.35
1.15
1.25
1.25
1.8
1.3
0.9
1.45
1.8
1.9
1.35
0.85
1.45
0.95
1.6
1.95
0.25
0.45
1.4
2.2
1.85
1.05
1.85
2.4
1.95
1.8
0.8
1.95
1.15
2.15
1.55
0.75
1.5
1.15
1.7
1
1.3
1.85
0.9
1.9
1.65
0.85
1.7
3.3
2.4
1.95
1.15
1.55
1.3
1.6
2.05
1
1.65
3.4
1.9
0.95
0.7
1.4
2.85
2.05
1.25
0.8
1.35
1.4
2
1.35
0.95
3.2
2
1.85
1.3
0.95
1.65
1.15
1.6
1.9
0.25
2.5
1.2
2.7
2
0.65
2.2
3.05
1.7
1.25
1.25
0.2
2.25
3.75
1.6
1.7
1.4
2.8
1.95
2.45
0.9
1.15
1.4
1.55
1.3
0.75
1.2
1.7
1.7
1.2
0.8
1.25
1.6
2.1
1.3
1.5
1.45
1.25
1.8
1.5
1.3
1.6
4.4
1.45
1.25
0.5
0.5
1.95
1.6
1.35
1.1
2.3
1.75
2.05
1.25
0.8
1.45
2.25
1.85
2.1
1.75
1.45
1.6
2.1
1.95
2
1.7
1.7
3.15
2.1
2.25
1.4
1.9
1.6
1.2
0.95
1.9
1.05
1.6
1.4
1.05
1.45
0.9
2.25
1.3
1.3
2.3
1.7
2.3
1.4
0.95
1.95
1.3
1.85
1.7
0.75
1.8
1.5
1.75
1.65
1.15
1.2
1.35
1.85
1.65
1.45
1.25
1.45
1.85
1.35
0.8
1.55
1.3
1.9
1.6
0.75
1.3
2.05
1.8
1.3
1.5
1.7
1.1
1.5
1.55
0.9
1.15
1.35
2.25
2
1.45
1.45
1.65
1.55
2.2
1.2
1.85
3.15
2.3
1.95
1.05
2.4
1.45
1.8
1.65
1.55
3.2
0.95
2
1.35
0.85
1.75
0.95
1.75
1.45
0.75
1.45
1.25
2.05
1.3
1.7
1.45
1.65
1.4
1.6
1.2
1.45
1.55
2.2
1.25
0.75
1.4
1.35
1.65
1.45
1.05
1.4
0.85
0.25
2.05
2.05
0.4
2.5
2.8
1.45
0.7
1.65
1.65
1.45
1.4
0.9
1.45
1
1.45
1.2
1.65
1.45
1.45
1.5
1.3
0.75
1.4
1.8
2.25
1.7
2.55
1.7
4.5
2.15
1.3
0.95
1.2
1.1
1.65
1.35
0.25
0.5
2.3
2.55
1.9
2.25
1.85
2.15
3.6
2.7
2.05
1.55
2.55
2
1.4
1.05
1.75
3.05
1.65
1.45
1.75
1.5
2.9
1.4
1.65
1.2
1.4
1.1
1.55
1.9
1.15
2.25
2.4
1.8
1.65
1.2
1.5
1.85
3.15
2.4
1.3
1.7
2.05
2.05
1.95
1.15
2
1.35
2.05
2.1
1.6
1.95
1.6
2.8
1.9
2.5
1.7
1.7
4.05
2.4
1.65
1.55
1.7
1.75
1.55
1.65
1.6
1.15
1.5
2.2
1.25
1.65
1.8
1.6
2.2
1
1.65
2.2
1.65
1.1
1.45
1.45
2.2
1.35
1.9
0.7
1
1.65
2.85
2
1.65
1.95
2
1.85
1.5
1.05
1.5
1.45
2.85
1.9
1.1
1
1.85
1.6
1.45
1
1.4
0.95
1.5
1.4
0.8
1.35
2.5
1.2
1.3
0.7
1.1
1
1.7
1.15
1.15
1.05
0.85
1.35
1.35
2.55
1.15
2.1
1.5
1.15
0.9
0.45
1.7
1.8
2.65
1.65
3.25
1.3
1.9
2.1
1
1.75
1.2
2.35
1.05
0.9
1.3
1.75
1.25
1.25
1.2
1.6
2.25
1.85
1.45
1.2
0.45
2.9
1.55
2.25
1.3
1.6
1
1.5
1.3
0.75
1.15
1.9
1.35
1.15
0.8
1.3
1.1
1.2
1.1
1
1.5
1.05
1.15
1
2.25
1.2
1.25
1.45
1.55
0.9
1.5
2.5
1.3
1.55
1.15
1.25
1.3
1.3
1.15
0.95
1.35
1.15
1.55
1.35
0.8
1.2
3.95
1.55
1.5
1.4
1.35
1
1.3
1.2
0.55
1.2
2.65
1.85
1.7
1.8
1.35
2
1.55
1.65
1.1
1.5
1.3
1.4
1.45
0.75
1.75
1.75
1.55
1.1
1.05
1.3
1.9
2.15
1.7
1.65
1.45
1.15
1.35
1.3
0.6
1.2